Matlabs Accuracy is 0.810800 with confusion matrix below

mConf =

     0     8    31    41    29    18    74     6    26    17
     0   234     0     0     6    10     0     0     0     0
     0     0   236     4     0     2     1     1     3     3
     0     0     1   236     6     2     2     1     1     1
     0     2     0     3   208     3     8     0    24     2
     0    15     0     1     1   222     3     0     6     2
     0     1     1     8     7     1   223     2     6     1
     0     0     0     6     0     0     0   244     0     0
     0     9     4     3    27     2     1     1   197     6
     0     2     6     2     0     3     1     0     9   227

My Network Performance

m =

   229     0     0     1     4     0    11     0     1     4
     0   247     0     0     0     3     0     0     0     0
     2     0   246     0     0     0     2     0     0     0
     3     0     0   238     3     0     2     0     0     4
    10     0     0     2   209     0     0     0    29     0
     1     5     0     0     0   244     0     0     0     0
    12     0     1     2     6     0   225     0     0     4
     0     0     1     0     0     0     0   249     0     0
     9     0     1     0     8     0     0     0   232     0
     9     0     2     2     0     0     0     0     1   236


order =

    65
    67
    68
    69
    70
    71
    72
    76
    80
    82


accuracy =

    0.9420
